0 0 0.7493333328125 0.041999999999999996 0.7013333328125 0.006 0.576 0 0.5653333328125 0 0.7493333328125
0 0.002 0.24533333281249997 0.16 0.248 0.122 0.0213333328125 0.184 0.0026666671875 0.044 0.0053333328125 0.034 0.008 0.016 0.0106666671875 0 0.013333332812500001 0.002 0.24533333281249997
0 0.192 0 0.122 0.0213333328125 0.158 0.24266666718750002 0.32 0.248 0.3 0.013333332812500001 0.324 0 0.192 0
0 0.324 0 0.3 0.013333332812500001 0.32 0.2506666671875 0.492 0.2613333328125 0.49000000000000005 0 0.324 0
0 0.5 0 0.49000000000000005 0.0053333328125 0.492 0.264 0.636 0.2773333328125 0.65 0 0.5 0
0 0.65 0 0.636 0.2773333328125 0.788 0.2826666671875 0.818 0 0.65 0
0 0.818 0 0.788 0.2826666671875 0.966 0.288 1 0.0213333328125 1 0 0.818 0
0 0.002 0.24533333281249997 0.041999999999999996 0.42933333281249997 0.188 0.44000000000000006 0.16 0.248 0.002 0.24533333281249997
0 0.322 0.2506666671875 0.158 0.24266666718750002 0.16 0.2506666671875 0.188 0.44000000000000006 0.33999999999999997 0.45066666718750004 0.322 0.2506666671875
0 0.492 0.264 0.322 0.2533333328125 0.33999999999999997 0.4533333328125 0.446 0.46399999999999997 0.438 0.32799999999999996 0.492 0.264
0 0.45 0.576 0.6679999999999999 0.608 0.6799999999999999 0.3466666671875 0.686 0.27999999999999997 0.636 0.2773333328125 0.492 0.2666666671875 0.438 0.32799999999999996 0.446 0.46666666718750005 0.45 0.576
0 0.952 0.3546666671875 0.9339999999999999 0.31466666718749997 0.924 0.2853333328125 0.686 0.27999999999999997 0.6799999999999999 0.3466666671875 0.6679999999999999 0.608 0.916 0.6346666671875 0.952 0.3546666671875
0 0.662 0.608 0.658 0.8133333328125 0.8779999999999999 0.8560000000000001 0.906 0.6346666671875 0.662 0.608
0 0.662 0.608 0.45599999999999996 0.576 0.46399999999999997 0.7733333328125 0.47000000000000003 0.784 0.658 0.8106666671875 0.662 0.608
0 0.6519999999999999 0.8346666671875 0.654 0.8106666671875 0.47000000000000003 0.784 0.46399999999999997 0.7733333328125 0.458 0.792 0.46399999999999997 0.8640000000000001 0.48600000000000004 0.7973333328125001 0.6519999999999999 0.8346666671875
0 0.85 1 0.8699999999999999 0.8533333328125 0.658 0.8133333328125 0.654 0.8106666671875 0.6519999999999999 0.8346666671875 0.6839999999999999 0.8400000000000001 0.678 1 0.85 1
0 0.678 1 0.6839999999999999 0.8400000000000001 0.48600000000000004 0.7973333328125001 0.442 0.9359999999999999 0.442 1 0.678 1
0 0.45 0.576 0.446 0.46399999999999997 0.33999999999999997 0.45066666718750004 0.356 0.6266666671875 0.458 0.6426666671875 0.45599999999999996 0.576 0.45 0.576
0 0.458 0.6426666671875 0.356 0.6266666671875 0.364 0.7786666671875 0.458 0.7946666671875 0.46399999999999997 0.7733333328125 0.458 0.6426666671875
0 0.188 0.44266666718750003 0.21600000000000003 0.6106666671875 0.354 0.6213333328124999 0.33999999999999997 0.45066666718750004 0.188 0.44266666718750003
0 0.354 0.6213333328124999 0.21600000000000003 0.6106666671875 0.238 0.752 0.364 0.768 0.356 0.6266666671875 0.354 0.6213333328124999
0 0.188 0.44000000000000006 0.046 0.42933333281249997 0.044 0.4346666671875 0.08 0.5946666671874999 0.21400000000000002 0.6026666671875 0.188 0.44000000000000006
0 0.21600000000000003 0.6106666671875 0.21400000000000002 0.6026666671875 0.08399999999999999 0.5946666671874999 0.11399999999999999 0.7253333328125 0.11200000000000002 0.7306666671875 0.238 0.752 0.21600000000000003 0.6106666671875