0 0.322 1 0.312 0.81866666875 0.002 0.89866666875 0 1 0.322 1
0 0.362 1 0.40800000000000003 0.9866666687500001 0.41 0.7946666687499999 0.314 0.82133333125 0.322 1 0.362 1
0 0.502 0.77333333125 0.41200000000000003 0.8 0.40800000000000003 0.9866666687500001 0.492 0.9626666687500001 0.502 0.77333333125
0 0.306 0.56533333125 0 0.61333333125 0.002 0.89866666875 0.312 0.81866666875 0.306 0.56533333125
0 0 0.61333333125 0.308 0.56533333125 0.298 0.26133333125 0 0.27466666875 0 0.61333333125
0 0.002 0 0 0.27466666875 0.154 0.26933333125000003 0.13 0 0.002 0
0 0.41 0.7946666687499999 0.418 0.55466666875 0.306 0.576 0.312 0.81866666875 0.314 0.8240000000000001 0.41 0.7946666687499999
0 0.502 0.77333333125 0.52 0.53866666875 0.42000000000000004 0.55733333125 0.41 0.7946666687499999 0.41200000000000003 0.8 0.502 0.77333333125
0 0.418 0.55466666875 0.426 0.25333333125 0.3 0.264 0.308 0.56533333125 0.306 0.576 0.418 0.55466666875
0 0.54 0.24266666875 0.426 0.25066666875 0.42000000000000004 0.55733333125 0.52 0.53866666875 0.54 0.24266666875
0 0.13 0 0.154 0.26933333125000003 0.294 0.26133333125 0.284 0 0.13 0
0 0.284 0 0.294 0.25866666875 0.3 0.264 0.42000000000000004 0.25333333125 0.422 0 0.284 0
0 0.422 0 0.42000000000000004 0.25333333125 0.426 0.25066666875 0.54 0.24266666875 0.554 0 0.422 0
0 0.554 0 0.54 0.22933333125000002 0.6599999999999999 0.23199999999999998 0.688 0 0.554 0
0 0.614 0.51466666875 0.622 0.50666666875 0.6599999999999999 0.23199999999999998 0.54 0.22933333125000002 0.522 0.51466666875 0.5700000000000001 0.50933333125 0.614 0.51466666875
0 0.686 0 0.662 0.21333333125 0.6759999999999999 0.22666666875 0.782 0.22666666875 0.82 0 0.686 0
0 0.82 0 0.782 0.22666666875 0.882 0.21866666875 0.9259999999999999 0 0.82 0
0 1 0.00266666875 0.9259999999999999 0 0.882 0.20800000000000002 0.97 0.21066666875 1 0.096 1 0.00266666875
0 1 0.096 0.97 0.20800000000000002 0.978 0.23733333124999997 1 0.23466666875 1 0.096
0 0.6599999999999999 0.23199999999999998 0.622 0.50666666875 0.72 0.504 0.764 0.22666666875 0.6759999999999999 0.22666666875 0.662 0.21333333125 0.6599999999999999 0.23199999999999998
0 1 0.23466666875 0.978 0.23733333124999997 0.97 0.21066666875 0.882 0.20800000000000002 0.882 0.21866666875 0.782 0.22666666875 0.764 0.22666666875 0.724 0.488 0.73 0.504 1 0.46399999999999997 1 0.23466666875
0 0.624 0.744 0.6599999999999999 0.51466666875 0.6599999999999999 0.50666666875 0.622 0.50666666875 0.614 0.51466666875 0.5700000000000001 0.50933333125 0.522 0.51466666875 0.52 0.53866666875 0.508 0.688 0.536 0.75733333125 0.624 0.744
0 0.704 0.72533333125 0.744 0.50133333125 0.73 0.504 0.724 0.488 0.72 0.504 0.6599999999999999 0.50666666875 0.624 0.744 0.666 0.728 0.704 0.72533333125
0 0.512 0.9493333312500001 0.592 0.9333333312500001 0.624 0.744 0.536 0.75733333125 0.53 0.768 0.502 0.77333333125 0.496 0.89866666875 0.512 0.9493333312500001
0 0.6639999999999999 0.90933333125 0.7 0.72533333125 0.666 0.728 0.624 0.744 0.5940000000000001 0.9253333312500001 0.636 0.90933333125 0.6639999999999999 0.90933333125
0 1 0.46399999999999997 0.744 0.50133333125 0.704 0.72266666875 0.9460000000000001 0.67466666875 1 0.46399999999999997
0 0.666 0.89866666875 0.67 0.90666666875 0.892 0.84533333125 0.9359999999999999 0.6773333312500001 0.704 0.72266666875 0.7 0.72533333125 0.666 0.89866666875
0 1 0.66666666875 0.9460000000000001 0.67466666875 0.9359999999999999 0.6773333312500001 0.892 0.84266666875 0.95 0.82933333125 1 0.66666666875
0 1 0.46399999999999997 0.9460000000000001 0.67466666875 1 0.66666666875 1 0.46399999999999997