0 0.04375 0.4265625 0.279166665625 0.428125 0.28125 0.1234375 0.041666665625 0.1296875 0.04375 0.4265625
0 0.283333334375 0.4203125 0.533333334375 0.4203125 0.539583334375 0.1171875 0.283333334375 0.121875 0.283333334375 0.4203125
0 0.535416665625 0.4234375 0.7979166656250001 0.4296875 0.8083333343750001 0.1125 0.5479166656250001 0.11875 0.535416665625 0.4234375
0 1 0.1078125 0.8145833343750001 0.10625 0.802083334375 0.4203125 1 0.4234375 1 0.1078125
0 0.9979166656249999 0.428125 0.7979166656250001 0.4265625 0.785416665625 0.7359375 1 0.740625 0.9979166656249999 0.428125
0 0.79375 0.43125 0.527083334375 0.4265625 0.522916665625 0.7328125 0.783333334375 0.740625 0.79375 0.43125
0 0.520833334375 0.428125 0.277083334375 0.428125 0.272916665625 0.7203125 0.522916665625 0.7328125 0.520833334375 0.428125
0 0.270833334375 0.4328125 0.0375 0.43125 0.033333334375 0.7171875 0.26458333437500003 0.73125 0.270833334375 0.4328125
0 0.045833334375 0 0.041666665625 0.13125 0.283333334375 0.121875 0.283333334375 0 0.045833334375 0
0 0.285416665625 0 0.283333334375 0.1234375 0.5375 0.115625 0.5375 0 0.285416665625 0
0 0.539583334375 0 0.5375 0.1140625 0.8 0.109375 0.79375 0 0.539583334375 0
0 0.7958333343749999 0 0.802083334375 0.10625 1 0.1046875 1 0 0.7958333343749999 0
0 0.26666666562499997 0.7328125 0.035416665624999996 0.71875 0.0375 0.9828125 0.260416665625 1 0.26666666562499997 0.7328125
0 0.5145833343749999 0.734375 0.26666666562499997 0.728125 0.2625 0.99375 0.508333334375 1 0.5145833343749999 0.734375
0 0.760416665625 1 0.775 0.74375 0.5166666656250001 0.7375 0.5125 1 0.760416665625 1
0 0.99375 1 1 0.7421875 0.775 0.7421875 0.7666666656250001 1 0.99375 1