0 0 0.34482758593749996 0.0377241375 0.5759189375 0.4432413796875 0.5542056546875 0.44737930937500003 0.324665253125 0.41013793125 0.3050199046875 0.16186206875 0.3101897328125 0.1522068953125 0.279170759375 0.11220689531250001 0.277102828125 0 0.3208395796875 0 0.34482758593749996
0 0.11910344843750001 0.0754795015625 0.16186206875 0.3101897328125 0.2708275859375 0.3050199046875 0.23358620624999998 0.0734115703125 0.11910344843750001 0.0754795015625
0 0.3494482765625 0.0827172625 0.2515172421875 0.08478519375 0.2708275859375 0.3050199046875 0.37841379375 0.307087834375 0.35910344843750003 0.0930569203125 0.3494482765625 0.0827172625
0 0.37151724218750004 0.083751228125 0.3632413796875 0.0930569203125 0.3811724140625 0.30605387031250003 0.4832413796875 0.3029519734375 0.4777241375 0.0878870921875 0.37151724218750004 0.083751228125
0 0.4804827578125 0.0909889875 0.48737930937499996 0.3029519734375 0.583931034375 0.307087834375 0.5908275859375001 0.0951248515625 0.4804827578125 0.0909889875
0 0.6115172421875 0.0951248515625 0.5894482765625 0.0961588171875 0.58668965625 0.30605387031250003 0.684620690625 0.3081218 0.70531034375 0.10132864687500001 0.6115172421875 0.0951248515625
0 0.815655171875 0.10339657656250001 0.7191034484375 0.09409088593750001 0.70668965625 0.0982267484375 0.6832413796875 0.3101897328125 0.7770344812500001 0.3112236984375 0.815655171875 0.10339657656250001
0 0.6832413796875 0.322597321875 0.6335862062500001 0.3081218 0.48600000000000004 0.30398593906250004 0.41013793125 0.30191800625 0.44737930937500003 0.322597321875 0.4432413796875 0.557307553125 0.6694482765624999 0.5407641 0.6832413796875 0.322597321875
0 0.9866896562499999 0.5283565109375 0.998 0.4782608703125 0.9977241375 0.319495425 0.8763448281249999 0.30398593906250004 0.7825517234375 0.30191800625 0.7770344812500001 0.31535956249999997 0.6322068953125 0.3091557671875 0.684620690625 0.326733184375 0.6708275859375 0.537662203125 0.6680689656250001 0.5438659984374999 0.9866896562499999 0.5283565109375
0 0.1922068953125 0.766168640625 0.1687586203125 0.572817040625 0.0377241375 0.5779868687499999 0.0777241375 0.7744403656250001 0.1922068953125 0.766168640625
0 0.17013793125 0.5717830734375 0.19358620625 0.7672026062499999 0.316344828125 0.7527270859375 0.29841379375 0.565579278125 0.17013793125 0.5717830734375
0 0.29841379375 0.565579278125 0.316344828125 0.75169311875 0.42393103437499996 0.7423874265625 0.41841379375 0.55834151875 0.29841379375 0.565579278125
0 0.444620690625 0.55834151875 0.41841379375 0.55834151875 0.42806896562499996 0.7423874265625 0.5287586203125 0.73204776875 0.5328965515624999 0.5542056546875 0.444620690625 0.55834151875
0 0.53703448125 0.5531716890625 0.5315172421875001 0.7351496671875 0.6377241375 0.724810009375 0.6542758625 0.5459339296875 0.53703448125 0.5531716890625
0 0.6542758625 0.5459339296875 0.6391034484375 0.725843975 0.7397931046874999 0.7175722484375 0.7632413796875 0.5428320328125 0.6542758625 0.5459339296875
0 0.7632413796875 0.5428320328125 0.7425517234375001 0.7186062140625 0.8404827578124999 0.7113684546875 0.8694482765625 0.5366282375 0.7632413796875 0.5428320328125
0 0.8694482765625 0.535594271875 0.84186206875 0.7103344875000001 0.9315172421875 0.701028796875 0.96186206875 0.532492375 0.8694482765625 0.535594271875
0 0.53013793125 0.7351496671875 0.5287586203125 0.8954143609375 0.61841379375 0.8861086703125001 0.6335862062500001 0.72791190625 0.53013793125 0.7351496671875
0 0.42668965625000005 0.7423874265625 0.42668965625000005 0.90161815625 0.527379309375 0.8933464296875 0.5287586203125 0.733081734375 0.42668965625000005 0.7423874265625
0 0.087379309375 0.9357390265625 0.41979310468750003 0.9026521234375 0.4211724140625 0.7434213921875 0.0791034484375 0.7775422640625 0.0694482765625 0.7423874265625 0.05841379375 0.77133846875 0.087379309375 0.9357390265625
0 0.6335862062500001 0.7299798375 0.6197931046875 0.8840407375 0.8928965515625 0.8457840046875 0.9232413796875001 0.7041306921875 0.6335862062500001 0.7299798375