0 0 0.3657289 0.194 0.35805626562500004 0.174 0.007672634374999999 0 0.0025575453125000003 0 0.3657289
0 0.554 0.0127877234375 0.174 0.007672634374999999 0.194 0.35805626562500004 0.546 0.35805626562500004 0.554 0.0127877234375
0 0.9800000000000001 0.0051150890625 0.554 0.0051150890625 0.546 0.35805626562500004 0.9339999999999999 0.3759590796875 0.9800000000000001 0.0051150890625
0 0.998 0.1611253203125 0.96 0.166240409375 0.9339999999999999 0.3759590796875 0.998 0.37851662343750003 0.998 0.1611253203125
0 0 0.7263427109375 0.22599999999999998 0.721227621875 0.198 0.35805626562500004 0 0.3657289 0 0.7263427109375
0 0.608 0.3606138109375 0.548 0.35805626562500004 0.198 0.35805626562500004 0.22599999999999998 0.7263427109375 0.5980000000000001 0.7135549875 0.608 0.3606138109375
0 1 0.37851662343750003 0.608 0.3606138109375 0.5980000000000001 0.7263427109375 0.954 0.7314578 0.9640000000000001 0.7263427109375 1 0.49104859375 1 0.37851662343750003
0 1 0.49104859375 0.9800000000000001 0.6240409203125 1 0.6317135546875 1 0.49104859375
0 0 0.9974424546874999 0.256 1 0.242 0.7263427109375 0.22599999999999998 0.7263427109375 0.22599999999999998 0.721227621875 0 0.7263427109375 0 0.9974424546874999
0 0.61 0.7263427109375 0.5980000000000001 0.7263427109375 0.6 0.7135549875 0.242 0.7263427109375 0.256 1 0.5980000000000001 0.9974424546874999 0.61 0.7263427109375
0 0.992 0.7493606140625 0.9640000000000001 0.7263427109375 0.954 0.7340153453125 0.61 0.7263427109375 0.5980000000000001 0.9974424546874999 0.9480000000000001 0.9974424546874999 0.992 0.7493606140625