0 0 0.33802816875 0.2762857140625 0.333281740625 0.26895970625 0.1310426671875 0 0.157746478125 0 0.33802816875
0 0.272622709375 0.13207449843750002 0.2762857140625 0.3291544140625 0.6074212453125 0.331218078125 0.61108425 0.1227880109375 0.272622709375 0.13207449843750002
0 0.61108425 0.1227880109375 0.6103516484375 0.33534540625 0.983978021875 0.331218078125 0.99423443125 0.10937419374999999 0.61108425 0.1227880109375
0 0.7370915765625 0.332249909375 0.7341611718750001 0.54687096875 0.9729890093750001 0.555125625 0.97958241875 0.33534540625 0.7370915765625 0.332249909375
0 0.73049816875 0.3374090703125 0.5319633703125 0.3301862453125 0.5077875453125 0.3477273890625 0.5085201453125 0.5396481468750001 0.7319633703124999 0.5499664640625 0.73049816875 0.3374090703125
0 0.5048571421875 0.333281740625 0.283611721875 0.331218078125 0.28654212343749996 0.5169478421875 0.477750915625 0.5386163125000001 0.50558974375 0.5107568484375 0.5048571421875 0.333281740625
0 0.0880073265625 0.3374090703125 0.0989963359375 0.514884178125 0.283611721875 0.5179796734375001 0.2814139203125 0.332249909375 0.0880073265625 0.3374090703125
0 0 0.5098591546875 0.0989963359375 0.5159160078125 0.0880073265625 0.3374090703125 0 0.33802816875 0 0.5098591546875
0 0.0132820515625 0.51178868125 0.0235384625 0.668627146875 0.29240292968750003 0.6995821078125 0.28434432187500003 0.522107 0.0132820515625 0.51178868125
0 0.5085201453125 0.5396481468750001 0.50558974375 0.5086931859375 0.47994871874999995 0.5386163125000001 0.28434432187500003 0.522107 0.2916703296875 0.69442295 0.6037582421875001 0.735696228125 0.60522344375 0.5499664640625 0.5085201453125 0.5396481468750001
0 0.60595604375 0.5448073046874999 0.60522344375 0.7367280625 0.9546739921875 0.7542692062499999 0.9649304015625001 0.55615745625 0.60595604375 0.5448073046874999
0 0.7077875453125 0.7480782140625 0.7063223437499999 0.9234896562499999 0.9253699640624999 0.9369034734374999 0.9348937718749999 0.7573647015625 0.7077875453125 0.7480782140625
0 0.4872747265625 0.7222824109375 0.4850769234375 0.89047103125 0.6880073265625 0.9203941609375 0.695333334375 0.7470463796875 0.4872747265625 0.7222824109375
0 0.29460073124999997 0.6995821078125 0.29972893749999996 0.8636434 0.484344321875 0.8915028625 0.48800732656249995 0.7212505796875 0.29460073124999997 0.6995821078125
0 0.1136483515625 0.685136459375 0.1239047625 0.8440385921875 0.29899633593749997 0.8615797359374999 0.29313553125 0.7026776031249999 0.1136483515625 0.685136459375
0 0.11438095156250001 0.6820409640625 0.0044908421875 0.674818140625 0.0015604406249999998 0.82340195 0.12243955937499999 0.8409430953125 0.11438095156250001 0.6820409640625
0 0 0.667605634375 0.0235384625 0.668627146875 0.01254945 0.5128205125 0 0.51267605625 0 0.667605634375
0 0 0.9521126765625001 0.0594358984375 0.9647629359375 0.0484468859375 0.8306247750000001 0 0.819718309375 0 0.9521126765625001
0 0.30412454218749996 0.9957178953125 0.30046153750000004 0.86467523125 0.046981684375 0.8264974453124999 0.0623663 0.9688902640625001 0.20595604375 0.9967497296875001 0.246 0.9971830984375 0.30412454218749996 0.9957178953125
0 0.29972893749999996 0.8636434 0.304 0.9971830984375 0.5971648359375 0.993654234375 0.59350183125 0.9059485125 0.29972893749999996 0.8636434
0 0.7063223437499999 0.9234896562499999 0.7055897437499999 0.7480782140625 0.69460073125 0.7480782140625 0.6887399265624999 0.9214259921875 0.59350183125 0.9059485125 0.5986300359375 0.9967497296875001 0.921706959375 0.9957178953125 0.9268351640624999 0.9369034734374999 0.7063223437499999 0.9234896562499999
0 0 0.9718309859375 0.0015604406249999998 0.9967497296875001 0.134 0.9971830984375 0.1356263734375 0.98436774375 0 0.9492957750000001 0 0.9718309859375
0 0.998 0.8394366203124999 0.96786080625 0.7955424843750001 0.9326959703125001 0.793478821875 0.922439559375 0.9967497296875001 0.9978974359375 0.9957178953125 0.998 0.8394366203124999