0 0.89051580625 0.161064890625 0.8828618953125 0.000332778125 0.5953410984375 0.0009983359375 0.5866888515625 0.1314475859375 0.598003328125 0.18668885 0.8718802 0.18801996875 0.89051580625 0.161064890625
0 0.998 0 0.8830232562500001 0.00046511718750000004 0.8906976734375001 0.16162790625 0.871860465625 0.1879069765625 0.998 0.19 0.998 0
0 0.23591433125 0.0016474453125 0.3126853375 0.12817133281249998 0.5848434921875 0.134102140625 0.595057659375 0.0009884671875000002 0.23591433125 0.0016474453125
0 0.3209225703125 0.129489290625 0.34596375625000003 0.1831960453125 0.5976935734375 0.1874794078125 0.58616145 0.134102140625 0.3209225703125 0.129489290625
0 0.5127572015624999 0.4806584375 0.52921810625 0.1876543203125 0.018518518749999997 0.1798353921875 0.0012345687500000002 0.3246913578125 0.0016460906250000001 0.4761316875 0.5144032921874999 0.49176954687499996 0.5127572015624999 0.4806584375
0 0.998 0.19 0.5369261484375001 0.186427146875 0.5241516953125 0.48463073906250004 0.52974051875 0.49500998125000006 0.998 0.506 0.998 0.19
0 0.998 0.514 0.555289421875 0.50459081875 0.546107784375 0.5209580828125 0.5389221562500001 0.8255489015625 0.998 0.8400000000000001 0.998 0.514
0 0.4910179640625 0.51257485 0.4842315359375 0.4982035921875 0.00039920156250000004 0.48303393281250007 0 0.7924151703125 0.46666666562500003 0.818363275 0.4910179640625 0.51257485
0 0.72413793125 0.9140229890624999 0.6928735640625 0.8354022984375 0.26344827656250003 0.8165517250000001 0.16643678125 0.8988505765625 0.16 0.998 0.722 0.998 0.72413793125 0.9140229890624999
0 0.722 0.998 0.906 0.998 0.9191806343750001 0.8446927390625 0.693482309375 0.8357541890625001 0.7240223453125 0.913221603125 0.722 0.998
0 0.2643233734375 0.8161687171875001 0.1483304046875 0.8098418265625 0.13145869999999998 0.9613356765625 0.16063268749999998 0.9623901578125 0.166256590625 0.8991212671875 0.2643233734375 0.8161687171875001