0 0.346 0.0586666671875 0.31 0.064 0.346 0.10400000000000001 0.35 0.0826666671875 0.37 0.072 0.346 0.0586666671875
0 0.318 0.2053333328125 0.32 0.07466666718750001 0.302 0.0586666671875 0.12 0.0586666671875 0.118 0.2026666671875 0.302 0.2026666671875 0.318 0.2053333328125
0 0.346 0.10400000000000001 0.32 0.07466666718750001 0.318 0.2053333328125 0.344 0.2026666671875 0.346 0.10400000000000001
0 0.538 0.17333333281250002 0.568 0.1653333328125 0.5559999999999999 0.04 0.52 0.0266666671875 0.35 0.0826666671875 0.368 0.2026666671875 0.41200000000000003 0.2026666671875 0.538 0.17333333281250002
0 0.538 0.3466666671875 0.538 0.2106666671875 0.516 0.1973333328125 0.32 0.2053333328125 0.32 0.3386666671875 0.516 0.3466666671875 0.538 0.3466666671875
0 0.538 0.3093333328125 0.548 0.3093333328125 0.5599999999999999 0.29333333281249996 0.5700000000000001 0.288 0.5559999999999999 0.16799999999999998 0.538 0.17333333281250002 0.41200000000000003 0.2026666671875 0.516 0.1973333328125 0.538 0.2106666671875 0.538 0.3093333328125
0 0.548 0.3093333328125 0.538 0.3093333328125 0.542 0.44000000000000006 0.564 0.43200000000000005 0.5599999999999999 0.29333333281249996 0.548 0.3093333328125
0 0.536 0.48 0.538 0.3466666671875 0.516 0.3466666671875 0.316 0.3413333328125 0.314 0.4853333328125 0.506 0.4933333328125 0.536 0.48
0 0.3 0.20800000000000002 0.122 0.2133333328125 0.128 0.352 0.3 0.3546666671875 0.3 0.20800000000000002
0 0.302 0.3546666671875 0.128 0.3546666671875 0.136 0.4853333328125 0.31 0.4773333328125 0.302 0.3546666671875
0 0.31 0.4773333328125 0.144 0.4853333328125 0.154 0.616 0.324 0.6133333328125 0.314 0.4853333328125 0.31 0.4773333328125
0 0.238 0.616 0.156 0.616 0.16599999999999998 0.736 0.32999999999999996 0.752 0.32599999999999996 0.624 0.238 0.616
0 0.346 0.8453333328125 0.33999999999999997 0.7573333328125 0.32999999999999996 0.752 0.16599999999999998 0.736 0.16 0.7253333328125 0.16399999999999998 0.8480000000000001 0.324 0.8746666671875 0.346 0.8453333328125
0 0.542 0.5973333328125 0.536 0.48 0.506 0.4933333328125 0.32799999999999996 0.488 0.32999999999999996 0.6266666671875 0.516 0.6426666671875 0.542 0.5973333328125
0 0.544 0.6 0.52 0.6453333328124999 0.33599999999999997 0.6266666671875 0.33999999999999997 0.7626666671875 0.522 0.7813333328125001 0.546 0.7253333328125 0.544 0.6
0 0.55 0.72 0.522 0.7813333328125001 0.33999999999999997 0.7626666671875 0.346 0.8800000000000001 0.528 0.9066666671875 0.55 0.8373333328125 0.55 0.72
0 0.754 0.2853333328125 0.5599999999999999 0.2906666671875 0.564 0.42933333281249997 0.746 0.43200000000000005 0.754 0.2853333328125
0 0.562 0.43200000000000005 0.562 0.5519999999999999 0.742 0.5626666671875 0.746 0.43200000000000005 0.562 0.43200000000000005
0 0.968 0.45066666718750004 0.9400000000000001 0.4106666671875 0.75 0.40800000000000003 0.742 0.5626666671875 0.75 0.5786666671875 0.96 0.5946666671874999 0.968 0.45066666718750004
0 0.742 0.5733333328125 0.738 0.696 0.942 0.7306666671875 0.952 0.5946666671874999 0.75 0.5786666671875 0.744 0.5706666671875 0.742 0.5733333328125
0 0.74 0.5626666671875 0.554 0.5519999999999999 0.554 0.6746666671875 0.732 0.6986666671874999 0.74 0.5626666671875
0 0.5559999999999999 0.6773333328125 0.558 0.8 0.734 0.8240000000000001 0.732 0.6986666671874999 0.5559999999999999 0.6773333328125
0 0.558 0.8 0.5559999999999999 0.8693333328125 0.732 0.8986666671875 0.734 0.8266666671875 0.558 0.8
0 0.738 0.696 0.74 0.8186666671875 0.9359999999999999 0.8453333328125 0.942 0.7306666671875 0.738 0.696
0 0.74 0.8186666671875 0.738 0.8986666671875 0.9359999999999999 0.9253333328125001 0.9359999999999999 0.8453333328125 0.74 0.8186666671875