0 0.000692315625 0.1414022140625 0.015230921875000001 0.14263222656250002 0.0297695296875 0.019630996875 0.000692315625 0.03562115625 0.000692315625 0.1414022140625
0 0.113539596875 0.0565313671875 0.115616540625 0.0024108234375 0.030461842187499998 0.00487085 0.0180001796875 0.120492003125 0.0235386953125 0.129102090625 0.0906932140625 0.086051659375 0.113539596875 0.0565313671875
0 0.001384628125 0.1487822859375 0.000692315625 0.2668634703125 0.014538606249999999 0.15001230000000002 0.001384628125 0.1487822859375
0 0.0166155515625 0.138942190625 0.0027692593750000003 0.26440344374999997 0.0851546984375 0.21889299062499998 0.0913855296875 0.0872816734375 0.0166155515625 0.138942190625
0 0.193155778125 0.0036408359374999998 0.109385709375 0.06391144062500001 0.0913855296875 0.0872816734375 0.0858470125 0.2238130359375 0.20284818124999998 0.1635424359375 0.213925215625 0.011020909375 0.193155778125 0.0036408359374999998
0 0.08792395625 0.22504304999999997 0.001384628125 0.2730135296875 0.001384628125 0.400934809375 0.0796161796875 0.3714145140625 0.08792395625 0.22504304999999997
0 0.20561744062499998 0.1733825328125 0.1841556890625 0.174612546875 0.0886162703125 0.22504304999999997 0.0796161796875 0.3714145140625 0.19454040781249998 0.325904059375 0.1959250359375 0.316063959375 0.20561744062499998 0.1733825328125
0 0.055385168750000005 0.5140959406250001 0.0671545171875 0.5214760140625 0.07753923593749999 0.37387454062500003 0.0027692593750000003 0.404624846875 0.001384628125 0.5399262 0.055385168750000005 0.5140959406250001
0 0.0789238671875 0.37264452656249997 0.070616090625 0.5214760140625 0.18138642968750002 0.48580565625 0.1917711484375 0.33451414687500003 0.0789238671875 0.37264452656249997
0 0 0.6801476 0.0415388765625 0.6739975406250001 0.060923685937500006 0.669077490625 0.07130840468750001 0.523936040625 0.055385168750000005 0.5165559671875 0 0.5436162359375001 0 0.6801476
0 0.045692765625 0.6813776140625001 0.001384628125 0.6801476 0.001384628125 0.8302091031250001 0.0311541578125 0.833899140625 0.045692765625 0.6813776140625001
0 0.027692585937500003 0.8388191859375 0 0.833899140625 0.001384628125 0.99503075 0.015230921875000001 0.9938007359375 0.027692585937500003 0.8388191859375
0 0.0270002703125 0.8449692499999999 0.017307865625 0.9925707265625 0.1308474609375 0.9938007359375 0.1329244046875 0.8474292734375 0.0270002703125 0.8449692499999999
0 0.1329244046875 0.851119309375 0.1332082546875 0.9966666671875 0.2908067546875 0.9966666671875 0.2963106546875 0.8646494468749999 0.1329244046875 0.851119309375
0 0.046385078125 0.6752275531249999 0.0318464734375 0.8400491999999999 0.1516169 0.8474292734375 0.16338625 0.6752275531249999 0.1488476421875 0.669077490625 0.046385078125 0.6752275531249999
0 0.16338625 0.6776875765625 0.1516169 0.8498893000000001 0.30046454218749996 0.856039359375 0.3108492625 0.64939729375 0.16338625 0.6776875765625
0 0.061616000000000004 0.6727675265624999 0.16338625 0.664157440625 0.16961708125 0.4931857328125 0.0699237765625 0.5227060265625 0.061616000000000004 0.6727675265624999
0 0.36277285937500003 0.621107009375 0.5012357828125 0.624797046875 0.5012357828125 0.5337761359375001 0.308080003125 0.44152521718750004 0.16961708125 0.4931857328125 0.164770878125 0.6727675265624999 0.308080003125 0.6457072562499999 0.315695465625 0.6272570734375 0.36277285937500003 0.621107009375
0 0.5067742984375 0.394784746875 0.3267724984375 0.26563345625 0.1959250359375 0.3222140234375 0.1848480015625 0.48457564687500004 0.3053107453125 0.440295203125 0.5026204109375 0.5337761359375001 0.5067742984375 0.394784746875
0 0.5095435578124999 0.2521033203125 0.3433880484375 0.0762115640625 0.20215586718749998 0.1487822859375 0.1980019796875 0.324674046875 0.3288494421875 0.2619434203125 0.510235871875 0.39724477343750003 0.5095435578124999 0.2521033203125
0 0.5157743890625001 0.11926199374999999 0.4292350625 0.0036408359374999998 0.213925215625 0.0036408359374999998 0.2042328125 0.14509224999999998 0.34546499218750004 0.07252152656250001 0.512312815625 0.2521033203125 0.5157743890625001 0.11926199374999999
0 0.520620590625 0.11311192968749999 0.52200521875 0.0024108234375 0.43131200625000005 0.006100859375 0.520620590625 0.11311192968749999
0 0.52200521875 0.0024108234375 0.522697534375 0.11557195625000001 0.6639297171874999 0.051611317187500005 0.6673912890625 0.0011808140625 0.52200521875 0.0024108234375
0 0.6708528625 0.045461253125000003 0.75046904375 0.00487085 0.6673912890625 0.0011808140625 0.6708528625 0.045461253125000003
0 0.516466703125 0.120492003125 0.5178513328125 0.2631734328125 0.6563142546875 0.21028290312500003 0.6583911984374999 0.058991390624999994 0.516466703125 0.120492003125
0 0.848085403125 0.0036408359374999998 0.7511613578125 0.0024108234375 0.6583911984374999 0.05284132968750001 0.6632374015625 0.20167281718750002 0.845316146875 0.134022140625 0.85293160625 0.1118819203125 0.848085403125 0.0036408359374999998
0 0.8494700343750001 0.00487085 0.8563931796875 0.120492003125 0.996933046875 0.06391144062500001 0.9976253609375 0.0024108234375 0.8494700343750001 0.00487085
0 0.848085403125 0.12541205312499998 0.857777809375 0.2976137765625 0.998123828125 0.2533333328125 0.996933046875 0.07252152656250001 0.848085403125 0.12541205312499998
0 0.6576988859374999 0.2115129171875 0.6604681421875 0.365264453125 0.8543162359375 0.3123739234375 0.8487777187500001 0.1364821640625 0.6576988859374999 0.2115129171875
0 0.6576988859374999 0.2164329640625 0.5136974453125001 0.2668634703125 0.512312815625 0.40585485937500004 0.6576988859374999 0.36772447656249996 0.6576988859374999 0.2164329640625
0 0.653544996875 0.37756457656250003 0.5046973546875 0.41077490625 0.5053896703125 0.5522263234375 0.655621940625 0.5300861 0.6583911984374999 0.520246003125 0.653544996875 0.37756457656250003
0 0.6549296265625 0.37510455 0.6590835140625 0.519015990625 0.8612393812500001 0.48949569375 0.8515469781249999 0.31852398593750003 0.6549296265625 0.37510455
0 0.857777809375 0.29515375 0.8515469781249999 0.31852398593750003 0.8640086390624999 0.48949569375 0.998123828125 0.46333333281250005 0.998123828125 0.26 0.857777809375 0.29515375
0 0.8626240109375001 0.4968757703125 0.8750856734375001 0.683837640625 0.998123828125 0.67 0.9976253609375 0.471045509375 0.8626240109375001 0.4968757703125
0 0.6528526828125 0.5300861 0.6563142546875 0.6924477234374999 0.8702394703125 0.6813776140625001 0.859854753125 0.49564575624999996 0.6528526828125 0.5300861
0 0.5026204109375 0.5571463703124999 0.5046973546875 0.624797046875 0.6576988859374999 0.6912177140625 0.6507757390625 0.53500615 0.5026204109375 0.5571463703124999
0 0.6583911984374999 0.6912177140625 0.6625450859375001 0.8671094703125 0.8743933609375001 0.8929397296875001 0.8709317859375 0.6887576859375 0.6583911984374999 0.6912177140625
0 0.8709317859375 0.6887576859375 0.8799318765624999 0.89416974375 0.99624073125 0.8929397296875001 0.99624073125 0.6739975406250001 0.8709317859375 0.6887576859375
0 0.6576988859374999 0.6936777359375 0.5053896703125 0.629717096875 0.31500315 0.629717096875 0.3025414875 0.851119309375 0.5033127265624999 0.8720295203124999 0.6611604578125 0.8695694968750001 0.6576988859374999 0.6936777359375
0 0.5053896703125 0.87079950625 0.2990799140625 0.8535793359375001 0.2921567671875 0.99503075 0.6625450859375001 0.9962607640625001 0.6597758296875 0.8720295203124999 0.5053896703125 0.87079950625
0 0.6597758296875 0.8683394828125 0.6632374015625 0.9938007359375 0.8667778984375 0.99503075 0.8674702140624999 0.8990897906249999 0.6597758296875 0.8683394828125
0 0.8674702140624999 0.8978597796875001 0.8688548421875 0.99503075 0.9976253609375 0.99503075 0.99624073125 0.8978597796875001 0.8674702140624999 0.8978597796875001
0 0.1142319125 0.054071340625 0.19523272187500001 0.0011808140625 0.113539596875 0.0024108234375 0.1142319125 0.054071340625