0 0.0854492765625 0.001349175 0.09559420156250001 0.055751403125 0.31443478125 0.0688079390625 0.3129855078125 0.001349175 0.0854492765625 0.001349175
0 0.3129855078125 0.062279671875 0.5318260859375 0.06771989375000001 0.5361739140624999 0.0035252640624999997 0.31153623124999996 0.0035252640624999997 0.3129855078125 0.062279671875
0 0.5376231875 0.005701353125 0.5318260859375 0.064455759375 0.740521740625 0.0742481609375 0.7550144921874999 0.001349175 0.5376231875 0.005701353125
0 0.7521159421875 0.00026113125 0.746318840625 0.063367715625 0.998 0.075075075 0.998 0.0045045046875 0.7521159421875 0.00026113125
0 0.143420290625 0.0579274921875 0.09559420156250001 0.053575314062500004 0.08979710156250001 0.030726378125 0.0028405796875 0.030726378125 0 0.36636636562499997 0.197043478125 0.3614919265625 0.143420290625 0.0579274921875
0 0.450666665625 0.062279671875 0.144869565625 0.056839446875 0.1984927546875 0.362579971875 0.45211594218749995 0.3582277921875 0.450666665625 0.062279671875
0 0.7492173921874999 0.07533620625000001 0.450666665625 0.06771989375000001 0.45791304374999997 0.3658441046875 0.71008695625 0.3636680171875 0.7492173921874999 0.07533620625000001
0 0.9666086953124999 0.3658441046875 0.998 0.253753753125 0.998 0.078078078125 0.7492173921874999 0.061191626562500004 0.71443478125 0.35496365937499996 0.7318260859375 0.36693215 0.9666086953124999 0.3658441046875
0 0.20428985625 0.35931583749999996 0.0013913046875 0.362579971875 0 0.6081081078125 0.2419710140625 0.592157375 0.20428985625 0.35931583749999996
0 0.4550144921875 0.3636680171875 0.197043478125 0.3604038828125 0.23762318750000003 0.5856291078125 0.46515942031249996 0.5736606171874999 0.4550144921875 0.3636680171875
0 0.70863768125 0.3614919265625 0.45211594218749995 0.362579971875 0.46660869531250004 0.5867171515625 0.6782028984374999 0.5801888843749999 0.70863768125 0.3614919265625
0 0.968057971875 0.36693215 0.7303768125000001 0.36802019375 0.70863768125 0.364756059375 0.6753043484375 0.5823649734375 0.8897971015625 0.5823649734375 0.968057971875 0.36693215
0 0.0013913046875 0.60847804375 0.057913043750000004 0.7847412625 0.25646376875 0.7825651734375 0.22892753593749998 0.592157375 0.0013913046875 0.60847804375
0 0.047768115625 0.7608042828125 0.00428985625 0.6095660875 0.0028405796875 0.8195586890625 0.047768115625 0.7608042828125
0 0.22892753593749998 0.5899812859375 0.2550144921875 0.7793010406249999 0.468057971875 0.76733255 0.46081159375 0.5758367062499999 0.22892753593749998 0.5899812859375
0 0.4724057984375 0.5888932421875 0.47530434843749997 0.755364059375 0.6680579718749999 0.7477477484375 0.6955942015625001 0.5888932421875 0.4724057984375 0.5888932421875
0 0.8984927546874999 0.563868215625 0.8926956515625 0.57692475 0.694144928125 0.5823649734375 0.66371014375 0.7444836140625 0.8608115937499999 0.7357792578125 0.9202318843749999 0.58345301875 0.8984927546874999 0.563868215625
0 0.86371014375 0.7390433921875 0.9158840578125 0.7346912125 0.95356521875 0.6095660875 0.997043478125 0.6117421765625 0.997043478125 0.44853549218750005 0.9448695656250001 0.45397571406250004 0.9013913046875001 0.5682203953125 0.9260289859374999 0.5812769296875 0.86371014375 0.7390433921875
0 0.997043478125 0.9936458203124999 0.998 0.6141141140624999 0.947768115625 0.6095660875 0.894144928125 0.7782129953125 0.9767536234374999 0.9914697312499999 0.997043478125 0.9936458203124999