0 1 0.064 0.8099999999999999 0.06933333281250001 0.788 0.07466666718750001 0.768 0.096 0.754 0.296 0.792 0.30133333281249997 0.99 0.304 1 0.2 1 0.064
0 0.792 0.304 0.754 0.2986666671875 0.74 0.48266666718750006 0.774 0.5146666671875 0.9720000000000001 0.5226666671875 0.99 0.3066666671875 0.792 0.304
0 0.954 0.5253333328124999 0.774 0.5173333328124999 0.738 0.4853333328125 0.73 0.6533333328125 0.764 0.712 0.9380000000000001 0.712 0.954 0.5253333328124999
0 0.9099999999999999 0.8906666671875 0.924 0.7146666671874999 0.764 0.712 0.728 0.6559999999999999 0.718 0.6533333328125 0.708 0.8053333328125 0.738 0.8880000000000001 0.9099999999999999 0.8906666671875
0 0.5900000000000001 0.0986666671875 0.584 0.2906666671875 0.754 0.296 0.768 0.0986666671875 0.5900000000000001 0.0986666671875
0 0.584 0.29333333281249996 0.5820000000000001 0.472 0.738 0.4773333328125 0.748 0.2986666671875 0.584 0.29333333281249996
0 0.42000000000000004 0.0933333328125 0.422 0.2853333328125 0.58 0.29333333281249996 0.588 0.10133333281250001 0.42000000000000004 0.0933333328125
0 0.5820000000000001 0.296 0.42000000000000004 0.2853333328125 0.42000000000000004 0.46399999999999997 0.5519999999999999 0.47466666718750006 0.5740000000000001 0.472 0.5820000000000001 0.296
0 0.608 0.5173333328124999 0.602 0.4773333328125 0.554 0.47466666718750006 0.446 0.472 0.43 0.512 0.438 0.6986666671874999 0.608 0.6933333328125 0.608 0.5173333328124999
0 0.61 0.5146666671875 0.608 0.6426666671875 0.72 0.648 0.728 0.48 0.604 0.4773333328125 0.61 0.5146666671875
0 0.61 0.6933333328125 0.606 0.7973333328125001 0.708 0.8053333328125 0.718 0.6533333328125 0.608 0.6453333328124999 0.61 0.6933333328125
0 0.44000000000000006 0.704 0.442 0.8693333328125 0.604 0.8720000000000001 0.608 0.696 0.44000000000000006 0.704
0 0.40800000000000003 0.08 0.376 0.061333332812499995 0.192 0.064 0.20600000000000002 0.2826666671875 0.386 0.2826666671875 0.41 0.2693333328125 0.40800000000000003 0.08
0 0.4 0.27999999999999997 0.386 0.288 0.198 0.2853333328125 0.21200000000000002 0.48266666718750006 0.378 0.4853333328125 0.4 0.45066666718750004 0.4 0.27999999999999997
0 0.4 0.4533333328125 0.38 0.488 0.21200000000000002 0.4853333328125 0.22400000000000003 0.6666666671875 0.39 0.6666666671875 0.40599999999999997 0.6213333328124999 0.4 0.4533333328125
0 0.40800000000000003 0.624 0.392 0.6693333328125 0.23199999999999998 0.6693333328125 0.24 0.8373333328125 0.398 0.8426666671874999 0.414 0.7706666671875 0.40800000000000003 0.624
0 0.19 0.064 0.01 0.0586666671875 0.01 0.072 0.034 0.27999999999999997 0.20400000000000001 0.27999999999999997 0.19 0.064
0 0.196 0.2826666671875 0.018 0.27999999999999997 0.04 0.4773333328125 0.21200000000000002 0.48 0.196 0.2826666671875
0 0.044 0.48 0.062 0.6586666671875 0.22200000000000003 0.6666666671875 0.21000000000000002 0.48266666718750006 0.044 0.48
0 0.064 0.6613333328125 0.078 0.8293333328125 0.238 0.8373333328125 0.22999999999999998 0.6693333328125 0.064 0.6613333328125
0 1 0.6693333328125 0.978 0.6666666671875 0.9640000000000001 0.6639999999999999 0.9460000000000001 0.648 0.9400000000000001 0.7146666671874999 0.9259999999999999 0.7146666671874999 0.914 0.8666666671875 0.9480000000000001 0.9226666671875 1 0.9253333328125001 1 0.6693333328125
0 0.974 0.52 0.9560000000000001 0.5226666671875 0.942 0.6453333328124999 0.9640000000000001 0.6639999999999999 0.998 0.6693333328125 0.99 0.3466666671875 0.974 0.52