0 0.015884057812499998 0.0017599890625 0.040521740625000004 0.17341329375 0.5361739140624999 0.195141559375 0.5492173921875 0.003932815625000001 0.015884057812499998 0.0017599890625
0 0.5492173921875 0.002846403125 0.5390724640625 0.195141559375 0.998 0.21289355312499997 0.998 0 0.5492173921875 0.002846403125
0 0.0419710140625 0.1701540546875 0.0666086953125 0.39178237031249996 0.51153623125 0.41025139531250004 0.5361739140624999 0.2038328671875 0.0419710140625 0.1701540546875
0 0.997043478125 0.22230189218750002 0.5419710140625 0.1994872125 0.51153623125 0.4156834625 0.968057971875 0.4308932484375 0.998 0.3178410796875 0.997043478125 0.22230189218750002
0 0.06226087031250001 0.39178237031249996 0.0912463765625 0.577559046875 0.4897971015625 0.5884231796875 0.5057391296875 0.4156834625 0.06226087031250001 0.39178237031249996
0 0.968057971875 0.43197966250000003 0.521681159375 0.41351063593750004 0.51153623125 0.5525715390625 0.5187826078125 0.58950959375 0.9274782593750001 0.60580579375 0.968057971875 0.43197966250000003
0 0.09559420156250001 0.5829911125 0.10718840624999999 0.7231384296875001 0.48110145 0.74052104375 0.4926956515625 0.594941659375 0.09559420156250001 0.5829911125
0 0.694144928125 0.7437802828125 0.71008695625 0.719879190625 0.8521159421875 0.7470395234375 0.8912463765625 0.611237859375 0.521681159375 0.586250353125 0.4926956515625 0.5471394734375 0.484 0.5938552453125 0.48110145 0.744866696875 0.5984927546875001 0.7470395234375 0.694144928125 0.7437802828125
0 0.46515942031249996 0.7416074578125 0.099942028125 0.7155335375 0.097043478125 0.74052104375 0.11878260781250001 0.861112921875 0.45791304374999997 0.8643721624999999 0.46515942031249996 0.7416074578125
0 0.470956521875 0.7416074578125 0.46226087031249996 0.8687178156250001 0.570956521875 0.8752362953124999 0.5854492765625 0.744866696875 0.470956521875 0.7416074578125
0 0.12168115937499999 0.861112921875 0.14197101406249998 0.9664950140625 0.45791304374999997 0.9740999078125 0.46081159375 0.8654585750000001 0.12168115937499999 0.861112921875
0 0.5724057984375001 0.8741498812499999 0.45936231875000005 0.8643721624999999 0.4550144921875 0.977359146875 0.5260289859375 0.97518631875 0.5347246375 0.8915324953124999 0.5724057984375001 0.8741498812499999